nodes: 5
maxKey: 1023
motifs: 21
75 1
77 2
78 2
79 3
83 2
85 2
86 4
87 5
90 2
91 3
92 4
93 5
94 6
95 7
99 2
101 4
102 2
103 5
105 2
107 3
108 4
109 6
110 5
111 7
113 4
114 4
115 6
117 8
118 8
119 9
120 2
121 5
122 5
123 7
124 8
125 9
126 9
127 10
139 2
141 2
142 4
143 5
147 2
149 1
150 2
151 3
154 4
155 5
156 2
157 3
158 6
159 7
163 4
165 2
166 2
167 5
169 4
171 8
172 4
173 6
174 8
175 9
177 2
178 4
179 6
181 3
182 5
183 7
184 2
185 5
186 8
187 9
188 5
189 7
190 9
191 10
202 2
203 3
204 4
205 5
206 6
207 7
210 4
211 5
212 2
213 3
214 6
215 7
218 6
219 7
220 6
221 7
222 11
223 12
226 4
227 8
228 4
229 8
230 6
231 9
232 4
233 8
234 8
235 13
236 14
237 15
238 15
239 16
240 4
241 8
242 14
243 15
244 8
245 13
246 15
247 16
248 6
249 9
250 15
251 16
252 15
253 16
254 17
255 18
267 2
269 4
270 2
271 5
275 4
277 2
278 2
279 5
282 4
283 8
284 4
285 8
286 6
287 9
291 2
293 2
294 1
295 3
297 4
299 5
300 2
301 6
302 3
303 7
305 4
306 2
307 6
309 5
310 3
311 7
312 2
313 8
314 5
315 9
316 5
317 9
318 7
319 10
329 2
331 3
332 4
333 6
334 5
335 7
337 4
339 8
340 4
341 6
342 8
343 9
344 4
345 8
346 8
347 13
348 14
349 15
350 15
351 16
353 4
355 5
356 2
357 6
358 3
359 7
361 6
363 7
364 6
365 11
366 7
367 12
368 4
369 14
370 8
371 15
372 8
373 15
374 13
375 16
376 6
377 15
378 9
379 16
380 15
381 17
382 16
383 18
393 4
394 4
395 6
397 8
398 8
399 9
401 2
402 4
403 6
405 3
406 5
407 7
408 4
409 8
410 14
411 15
412 8
413 13
414 15
415 16
417 4
418 2
419 6
421 5
422 3
423 7
424 4
425 14
426 8
427 15
428 8
429 15
430 13
431 16
433 6
434 6
435 11
437 7
438 7
439 12
440 6
441 15
442 15
443 17
444 9
445 16
446 16
447 18
456 2
457 5
458 5
459 7
460 8
461 9
462 9
463 10
464 2
465 5
466 8
467 9
468 5
469 7
470 9
471 10
472 6
473 9
474 15
475 16
476 15
477 16
478 17
479 18
480 2
481 8
482 5
483 9
484 5
485 9
486 7
487 10
488 6
489 15
490 9
491 16
492 15
493 17
494 16
495 18
496 6
497 15
498 15
499 17
500 9
501 16
502 16
503 18
504 11
505 17
506 17
507 19
508 17
509 19
510 19
511 20
523 2
525 4
526 4
527 8
531 4
533 2
534 4
535 8
538 2
539 5
540 2
541 5
542 6
543 9
547 4
549 4
550 2
551 8
553 2
555 5
556 2
557 6
558 5
559 9
561 2
562 2
563 6
565 5
566 5
567 9
568 1
569 3
570 3
571 7
572 3
573 7
574 7
575 10
579 2
581 4
582 4
583 8
587 3
589 8
590 8
591 13
594 4
595 6
596 4
597 6
598 14
599 15
602 5
603 7
604 8
605 9
606 15
607 16
609 4
611 6
612 4
613 14
614 6
615 15
617 5
619 7
620 8
621 15
622 9
623 16
624 2
625 6
626 6
627 11
628 8
629 15
630 15
631 17
632 3
633 7
634 7
635 12
636 13
637 16
638 16
639 18
643 4
645 2
646 4
647 8
650 4
651 6
652 4
653 6
654 14
655 15
659 8
661 3
662 8
663 13
666 8
667 9
668 5
669 7
670 15
671 16
673 4
674 4
675 14
677 6
678 6
679 15
680 2
681 6
682 8
683 15
684 6
685 11
686 15
687 17
689 5
690 8
691 15
693 7
694 9
695 16
696 3
697 7
698 13
699 16
700 7
701 12
702 16
703 18
706 2
707 5
708 2
709 5
710 6
711 9
714 5
715 7
716 8
717 9
718 15
719 16
722 8
723 9
724 5
725 7
726 15
727 16
730 9
731 10
732 9
733 10
734 17
735 18
736 2
737 8
738 6
739 15
740 6
741 15
742 11
743 17
744 5
745 9
746 9
747 16
748 15
749 17
750 17
751 19
752 5
753 9
754 15
755 17
756 9
757 16
758 17
759 19
760 7
761 10
762 16
763 18
764 16
765 18
766 19
767 20
771 4
773 4
774 2
775 8
777 4
779 6
780 4
781 14
782 6
783 15
785 4
786 4
787 14
789 6
790 6
791 15
792 2
793 8
794 6
795 15
796 6
797 15
798 11
799 17
803 8
805 8
806 3
807 13
809 8
811 9
812 5
813 15
814 7
815 16
817 8
818 5
819 15
821 9
822 7
823 16
824 3
825 13
826 7
827 16
828 7
829 16
830 12
831 18
833 2
835 5
836 2
837 6
838 5
839 9
841 5
843 7
844 8
845 15
846 9
847 16
848 2
849 6
850 8
851 15
852 6
853 11
854 15
855 17
856 5
857 9
858 9
859 16
860 15
861 17
862 17
863 19
865 8
867 9
868 5
869 15
870 7
871 16
873 9
875 10
876 9
877 17
878 10
879 18
880 5
881 15
882 9
883 17
884 9
885 17
886 16
887 19
888 7
889 16
890 10
891 18
892 16
893 19
894 18
895 20
897 2
898 2
899 6
901 5
902 5
903 9
904 2
905 6
906 6
907 11
908 8
909 15
910 15
911 17
913 5
914 8
915 15
917 7
918 9
919 16
920 5
921 9
922 15
923 17
924 9
925 16
926 17
927 19
929 8
930 5
931 15
933 9
934 7
935 16
936 5
937 15
938 9
939 17
940 9
941 17
942 16
943 19
945 9
946 9
947 17
949 10
950 10
951 18
952 7
953 16
954 16
955 19
956 10
957 18
958 18
959 20
960 1
961 3
962 3
963 7
964 3
965 7
966 7
967 10
968 3
969 7
970 7
971 12
972 13
973 16
974 16
975 18
976 3
977 7
978 13
979 16
980 7
981 12
982 16
983 18
984 7
985 10
986 16
987 18
988 16
989 18
990 19
991 20
992 3
993 13
994 7
995 16
996 7
997 16
998 12
999 18
1000 7
1001 16
1002 10
1003 18
1004 16
1005 19
1006 18
1007 20
1008 7
1009 16
1010 16
1011 19
1012 10
1013 18
1014 18
1015 20
1016 12
1017 18
1018 18
1019 20
1020 18
1021 20
1022 20
1023 21
